sp0.9-fe_03_00047-A-025005-025135  [
  51.88129 -22.77503 0.2822674 -1.323676 -20.29012 -9.140565 -28.82608 6.028325 -33.61432 -2.659527 -13.08314 11.6917 -3.504372 
  57.47496 -21.6724 -2.73303 0.6633253 -20.77465 -4.1681 -30.16006 4.319174 -31.35976 12.49957 2.420668 -1.777522 0.331135 
  51.37277 -26.45046 3.02007 -5.15575 -22.71278 -8.892127 -22.5131 18.54877 -23.75061 14.21019 -25.48955 -2.220477 -13.13257 
  43.9993 -33.06623 -2.06311 -9.41361 -19.32105 4.589469 -20.29215 4.845067 -29.66884 14.55231 -16.24423 -0.09429073 -12.19606 
  57.98347 -17.62943 -14.34499 10.86618 -25.61998 -6.228705 5.645744 8.920736 -15.57782 2.416232 -9.050017 5.398357 -15.00558 
  80.90483 -2.118605 -1.39319 -7.426609 -56.14589 -19.82338 -29.49307 -2.648905 -17.83239 10.78894 -20.92339 16.37975 -25.14154 
  84.53471 -0.333055 -2.509724 -4.729964 -51.49108 -27.59237 -30.82705 2.741496 -22.05969 3.14134 -15.91722 13.77528 -23.64223 
  85.60796 -0.1155581 -4.519487 5.630829 -57.83578 -31.51059 -26.955 -5.278368 -19.80513 3.946442 -4.035868 12.99394 -23.94209 
  85.60796 -2.562829 -3.849566 9.841202 -56.87013 -29.55148 -27.63837 -10.62587 -15.85964 -5.076555 1.468538 -0.1828818 -19.6881 
  85.31389 -3.070513 -0.9465752 9.841202 -62.4226 -22.18353 -34.82899 -15.29455 -15.85964 -4.955703 -2.022605 0.9688025 -12.50823 
  85.31389 -3.95896 -0.4999619 13.59947 -66.04378 -24.84962 -34.82899 -19.18512 -18.11421 -8.822948 -4.035868 0.4372559 -13.96501 
  80.71378 0.9719269 2.628955 15.99109 -59.04284 -23.42572 -28.32174 -19.18512 -13.18532 -7.131028 -7.414968 1.234576 -9.896884 
  76.70181 3.146896 7.713445 17.01607 -55.51921 -19.3265 -30.16006 -17.62889 -16.14146 -2.659527 -6.760949 8.82678 -13.02851 
  73.26297 2.929399 11.62459 19.74935 -53.21742 -14.97885 -42.16588 -17.88826 -14.42942 -7.493583 -6.542942 9.087228 -7.339879 
  69.05994 1.189424 15.92685 17.35773 -46.31205 -13.86088 -47.8353 -21.77883 -7.347624 -4.834852 -4.798891 12.21259 -1.373535 
  67.91366 -2.68975 6.931216 19.06603 -43.72254 -2.107495 -42.83287 -9.588382 -9.931524 6.341316 -3.926865 13.51483 -19.6881 
  65.6211 -5.672393 13.97128 23.50762 -41.85234 -4.683251 -38.16394 -24.11317 -16.7051 14.21019 -4.907894 6.195677 -21.04083 
  64.09273 -11.3812 5.366757 17.35773 -51.7788 -17.46322 -49.83627 -15.03518 -13.28102 12.84169 9.085578 21.0678 -18.43943 
  62.37331 -16.5268 5.366757 4.069613 -50.34018 -25.63327 -41.49889 -10.3665 -15.29072 8.394066 -0.4357215 7.081589 -15.83802 
  65.43005 -11.74874 3.802299 5.772758 -40.84531 -26.02509 -41.83239 -9.069639 -16.42328 -0.2424984 -5.997927 0.08289146 -26.04113 
  61.99121 -9.416563 6.931216 6.482401 -39.83827 -25.24145 -37.49695 -17.88826 -16.98693 -1.813567 -0.7530982 12.21259 -6.487545 
  58.49199 -6.878143 3.802299 9.499541 -48.75771 -28.76784 -48.16879 -10.88524 -6.007824 3.946442 6.546565 17.42154 -13.34068 
  56.45793 -5.101249 7.713445 8.47456 -55.51921 -27.59237 -18.92541 -7.381939 -20.36877 5.657066 -0.118345 -0.8916106 -9.470716 
  54.93238 -6.49738 -2.509724 6.766258 -45.88047 -37.77972 -31.49404 -13.21958 -12.13262 4.630692 -3.292111 -2.309068 0.7573018 
  51.88129 -6.751222 3.411184 -2.175248 -31.9189 -27.98419 -32.49452 -4.621002 -15.29072 -7.493583 3.690175 -4.83697 -6.913712 
  55.18664 -3.514736 14.36239 6.056614 -29.49624 -17.71166 -30.49356 -2.911851 -15.85964 -9.91061 -3.292111 6.904406 -5.209042 
  56.96645 -1.203043 13.97128 18.72437 -23.68185 -13.48822 -34.49549 1.821183 -23.46879 -8.702097 -9.377027 2.652033 -3.504372 
  49.84723 -6.878143 14.36239 15.99109 -13.9912 -6.228705 -43.16637 5.239487 -2.699679 9.420441 -1.070475 -16.89484 -26.04113 
  47.05039 -14.32154 6.931216 3.785756 -16.89839 -11.50072 -39.83141 14.13269 -5.433624 8.051941 16.06786 -8.515642 -21.24894 
  48.06742 -5.355091 7.32233 7.791239 -20.77465 -21.56244 -27.12584 3.004442 -19.24149 -5.439109 -12.53812 -4.6326 -15.10963 
  59.25477 4.234381 14.36239 6.624329 -16.41386 -9.63744 -15.33772 8.526316 -12.70682 -12.20679 -15.37221 -9.333125 -18.54348 
  58.49199 5.974357 17.88243 13.59947 -18.83652 -12.24603 -13.45845 -1.2027 -3.423924 -9.185502 -18.89398 -13.82928 -15.31774 
  60.84494 7.496836 24.14026 13.59947 -14.47573 -23.17728 -14.14182 3.661808 -7.347624 -8.339542 -22.95279 -4.6326 -12.19606 
  60.01754 12.28177 16.70908 1.940683 -15.44479 -13.364 -13.11677 4.845067 -11.07992 -9.668907 -9.050017 -6.880677 -5.63521 
  59.76328 9.454309 17.88243 9.157881 -10.11493 -14.23353 -17.90035 2.610023 -13.85522 -7.614434 -14.60918 -9.741867 -11.88389 
  61.80017 11.62928 14.36239 7.107919 -18.35199 -22.92885 -20.80468 3.661808 -17.26875 -7.131028 -17.55227 -12.39869 -9.896884 
  57.47496 9.019315 13.97128 8.47456 -14.47573 -11.9976 -22.34226 11.32246 -14.81222 -19.8894 -14.06417 -5.450083 -13.44473 
  59.76328 6.191854 16.31797 9.841202 -9.630401 -5.713554 -25.58826 2.08413 -12.99392 -20.3284 -17.00725 -2.48625 -20.00027 
  49.59297 2.276908 22.18469 14.28279 -6.723205 -7.774158 -32.49452 -14.51643 -11.17562 -2.90123 -0.118345 -5.450083 -2.652038 
  47.55891 -2.245526 5.757872 1.940683 -13.02213 -10.87963 -20.97552 -16.85077 -20.65059 -3.022081 -11.44809 0.7030292 -5.209042 
  51.11852 -6.560841 -10.10216 -10.12325 -20.29012 7.165226 -21.82973 -8.550898 -28.82338 -6.164217 -7.305965 3.9809 1.609637 
  76.12866 -9.480023 -23.05396 -12.83624 -40.55758 -4.683251 -26.61332 8.26337 -11.74982 -10.51487 -15.48121 10.91036 -0.9473675 
  87.96047 -6.814682 -17.02467 -3.736464 -33.3725 -27.98419 -19.09625 14.13269 -5.912124 -8.9438 -1.070475 18.46333 -18.95971 
  95.31208 -5.29163 -19.25774 2.366469 -38.11193 -48.75072 -17.04614 22.56338 7.357045 -14.18231 -12.53812 18.46333 -18.95971 
  99.42899 -9.911026 -26.85018 1.089111 -50.48405 -35.03698 -17.38783 34.60722 17.41377 -0.846756 -7.850982 12.47304 -22.2895 
  102.0756 -11.3812 -26.40356 -1.039819 -51.92266 -30.33512 -12.09171 31.39553 6.099955 -10.51487 -10.14005 5.486948 -31.1388 
  101.7815 -13.21891 -32.50862 -7.994324 -62.18119 -31.51059 -14.48351 25.37361 -16.14146 -19.8894 -17.44327 1.500349 -37.43592 
  102.9578 -11.74874 -33.42205 -3.310678 -65.07813 -22.05932 -13.45845 28.98676 -22.05969 -15.06033 -16.68024 8.305885 -39.83482 
  103.2518 -10.64611 -31.59519 -3.02682 -64.59531 -18.45697 -11.57919 25.37361 -17.55057 -18.35287 -13.73716 1.677531 -36.53633 
  100.8993 -6.560841 -32.28026 1.940683 -68.45789 -11.87338 -10.55413 21.76046 -14.14232 -18.57238 -12.42912 -8.515642 -23.64223 
  100.3112 -6.560841 -29.99668 -2.742963 -69.66496 -14.35775 -9.01655 16.94292 -17.83239 -23.18194 -13.41015 -5.245711 -27.24059 
  99.42899 -5.101249 -30.22504 -2.884892 -66.28519 -15.84838 -5.662364 17.34438 -19.52331 -22.08443 -6.760949 0.3486648 -30.23921 
  99.13492 -3.387815 -30.22504 -0.1882467 -63.62966 -15.59994 -4.940569 14.53415 -13.18532 -17.25536 1.151162 -3.815117 -22.91384 
  99.13492 -4.276262 -26.40356 -1.749462 -61.93978 -23.05307 -3.256383 8.789263 -6.582024 -20.1089 3.055422 -6.471935 -28.7399 
  99.13492 -4.783947 -32.0519 1.089111 -66.28519 -22.55619 -0.8504028 3.004442 -6.294924 -22.74294 5.594435 -8.515642 -30.53908 
  99.42899 -7.703129 -35.93399 2.934184 -70.6306 -18.95385 -6.624756 4.056228 -14.81222 -23.40145 -3.292111 -9.741867 -31.73853 
  92.07737 -8.274274 -25.73364 1.656826 -71.11343 -24.4578 -6.14356 6.685692 -2.071134 -22.30393 -5.45291 -16.69047 -30.53908 
  82.4332 -6.370459 -24.1705 -1.181747 -62.4226 -20.56869 -1.572197 17.34438 13.6425 -12.8653 -11.01208 -12.39869 -29.03976 
  78.80331 -4.657025 -22.38404 -1.181747 -66.76801 -15.22728 -2.534589 20.95753 -3.328224 -5.439109 -8.941014 -16.4861 -33.23784 
  79.37646 -3.324355 -25.51034 -5.865394 -56.38731 -11.9976 -8.504023 29.78969 -15.09932 -12.8653 8.133448 -9.537496 -42.83345 
  74.02715 -5.608932 -30.4534 -9.129753 -58.07719 -14.60619 3.961558 27.78238 -15.19502 -6.043366 2.103292 -5.858824 -37.13605 
  70.97041 -1.991684 -30.22504 -11.87915 -49.33315 -14.60619 1.555578 17.34438 -11.65412 -2.538675 -8.286995 0.7030292 -25.74127 
  70.39726 -3.387815 -26.18026 -11.11675 -52.78584 -16.46947 2.999166 15.73854 -8.113224 -3.142932 -7.850982 -1.068793 -21.76922 
  71.16145 -6.624301 -27.96671 -3.736464 -54.08059 -20.32025 0.3525875 18.14731 -7.156224 -4.230595 -0.4357215 -4.019487 -20.83272 
  69.25098 -6.751222 -24.84042 -3.168749 -59.76707 -12.49447 -8.845707 7.737476 -6.773424 -11.48168 -5.670917 5.043993 -21.353 
  80.14064 -7.131985 -14.12168 -0.4721041 -67.49225 -23.3015 -10.89582 -7.772783 -6.294924 -12.42629 -6.760949 4.335264 -24.24196 
  85.01983 -9.911026 -6.529249 12.23282 -66.76801 -27.98419 -17.90035 1.295291 -4.572324 -4.230595 2.103292 3.892309 -11.77984 
  90.01892 -9.543484 -5.412714 16.67441 -64.11249 -20.32025 -23.709 -7.118993 -8.496024 14.55231 10.35508 12.21259 -23.53818 
  90.01892 -8.97234 -3.402952 22.8243 -63.87107 -25.24145 -31.82753 -14.51643 -2.071134 16.26294 12.8941 6.37286 -29.93935 
  88.5486 -6.306998 -3.179646 22.14098 -63.14684 -33.07787 -30.49356 -7.772783 -2.071134 -2.417824 -1.387851 1.677531 -25.14154 
  88.5486 -4.593565 -0.9465752 21.79932 -62.66401 -35.82062 -27.98006 -4.358056 -8.113224 -10.87742 -0.7530982 2.38626 -23.22601 
  85.01983 -1.203043 -1.39319 23.16596 -57.59436 -34.64516 -31.16055 -11.92272 -5.720724 -16.15784 1.468538 3.9809 -23.43412 
  81.86006 1.624418 1.846726 28.29086 -51.05949 -29.9433 -30.82705 -6.198681 -8.496024 -13.74331 -0.7530982 3.715127 -19.89621 
  77.46599 -0.550552 9.277904 26.58256 -53.93673 -24.4578 -31.82753 -14.25706 -13.47242 -11.84423 8.133448 15.59841 -25.74127 
  75.17343 -4.276262 6.931216 21.45765 -48.61384 -21.68666 -37.16346 -20.2226 -3.423924 -6.768474 -3.926865 8.045439 -23.53818 
  73.45401 -6.814682 3.802299 16.67441 -38.9751 -11.74916 -28.49258 -9.329011 -9.644424 -9.91061 -6.215933 18.72378 -22.08139 
  68.10471 -10.64611 6.148987 12.91615 -37.24876 -6.228705 -27.29669 -6.330154 -21.21423 2.295381 6.546565 8.82678 -21.56111 
  66.57633 -11.3812 1.846726 -0.1882467 -53.93673 -18.33275 -24.39237 -3.174798 -15.09932 -1.088459 -5.670917 -1.157384 -9.470716 
  64.66587 -13.21891 0.2822674 0.6633253 -45.44888 -24.06598 -29.49307 -4.752476 -30.79612 -24.93797 -9.81304 -2.043295 -9.470716 
  62.94645 -12.11628 -2.956339 2.934184 -52.78584 -25.63327 -46.50132 -15.55392 -14.23802 -12.42629 -17.22526 12.73349 -13.34068 
  64.28378 -7.131985 -1.39319 4.921185 -46.74364 -11.50072 -27.12584 -8.032154 -12.51542 0.6034613 -12.42912 -1.511748 -15.31774 
  78.80331 -0.550552 -18.81113 4.069613 -43.14709 -24.06598 -20.63383 -11.92272 5.471409 -14.84082 -10.03105 8.305885 -19.79216 
  92.07737 -3.895499 -20.15097 -0.8978901 -38.9751 -26.02509 -27.63837 -1.334173 10.49977 -11.60253 -11.55709 6.727224 -27.84031 
  92.6655 -3.578197 -18.58782 -0.7559614 -50.05246 -22.30775 -27.80922 8.657789 11.12832 -13.3043 -11.55709 15.07752 -31.43866 
  92.95956 -1.991684 -27.96671 -8.42011 -52.35425 -18.58119 -21.48804 14.13269 1.700138 -19.01138 -12.32011 12.47304 -24.54182 
  92.37144 -2.308987 -27.96671 -12.35769 -50.48405 -21.68666 -10.0416 10.921 3.585773 -26.25499 -11.12108 2.917807 -28.44004 
  91.48924 -0.333055 -32.0519 -11.87915 -51.92266 -20.19604 -1.331599 8.920736 -6.773424 -18.13337 -4.798891 9.347675 -28.7399 
  90.60705 0.9719269 -31.13847 -8.136252 -53.79287 -24.4578 0.5931852 12.52685 -15.19502 -15.06033 -5.888923 4.601038 -32.63811 
  91.48924 0.9719269 -35.24891 -1.749462 -53.93673 -27.20055 2.758568 5.896852 -16.14146 -14.18231 -0.4357215 -4.6326 -25.14154 
  88.84267 -0.333055 -27.96671 4.637329 -62.66401 -27.98419 6.126941 0.2435055 -12.80252 -13.74331 -11.12108 -5.654453 -29.33962 
  85.31389 -0.9855459 -32.28026 7.791239 -57.59436 -30.33512 8.532921 -10.10712 -17.55057 3.262192 -7.196962 -2.929206 -21.87328 
  77.27495 -0.550552 -25.28703 10.86618 -61.69836 -27.59237 -3.737579 -7.513412 -14.90792 9.420441 -12.53812 -6.676307 -23.64223 
  69.25098 -3.705118 -22.83065 9.841202 -40.84531 -7.774158 3.480362 2.872969 -14.42942 2.778786 -17.22526 4.423855 -20.20838 
  67.34052 -4.974328 -23.72388 -3.452606 -54.22445 -23.42572 -11.40834 11.32246 -6.869124 -14.62132 -17.87928 1.323167 -18.95971 
  66.38528 -6.624301 -27.96671 -14.27186 -49.62088 -20.69291 -16.8753 14.13269 -6.582024 -5.076555 -19.90869 -9.333125 -27.54045 
  65.43005 -8.655037 -29.08325 -13.31478 -46.74364 -11.3765 -9.699919 29.78969 -14.71652 -5.801663 -1.387851 5.841312 -7.766047 
  64.66587 -10.64611 -30.22504 -13.31478 -55.66307 -19.69916 -10.38329 24.97215 -11.55842 14.55231 -7.087958 8.045439 -8.618382 
  64.85692 -13.21891 -40.04443 -12.35769 -54.7999 -19.20229 -6.624756 12.52685 -15.48212 5.999191 -16.57124 1.854713 -3.504372 
  71.16145 -24.61274 -43.69816 -2.459105 -56.62872 -13.9851 -1.331599 6.028325 -18.95967 7.367691 6.229188 7.524544 16.5255 
  70.20622 -19.46714 -36.16235 5.346972 -54.94376 -11.9976 4.92395 6.291272 -25.44153 2.537084 -2.657358 1.943305 8.854484 
  64.47482 -9.353103 -24.3938 -4.446107 -64.3539 -12.37025 -7.137283 16.94292 -21.77787 2.899637 -7.523972 3.9809 -2.22587 
  74.2182 -2.68975 -14.5683 -12.83624 -45.73661 -12.99135 -13.45845 3.793282 -6.007824 3.262192 -30.56306 8.305885 -15.94208 
  84.53471 -1.547461 -24.84042 -12.83624 -43.57868 -13.61244 -6.14356 -3.437744 -8.304625 16.94719 -25.9969 1.145985 -21.14488 
  84.72576 -3.451276 -29.08325 -17.62165 -52.78584 -18.70541 -1.331599 -6.198681 -10.60142 12.84169 -43.24685 -5.450083 -14.06907 
  77.46599 -5.037788 -29.53996 -14.7504 -57.35295 -8.271033 2.999166 2.610023 7.98559 17.63144 -47.81301 4.335264 -7.766047 
  76.12866 -0.9855459 -29.08325 -18.57874 -43.14709 -5.713554 4.683352 6.554218 1.700138 6.683441 -38.17334 7.170179 -10.32305 
  74.02715 0.1019389 -25.28703 -23.84269 -40.126 -3.137798 -0.6098047 14.93561 -1.442588 5.657066 -44.76891 -5.858824 -19.27188 
  82.4332 1.189424 -31.59519 -42.02728 -18.35199 -5.198402 -10.89582 3.004442 -6.007824 16.60506 -36.14393 7.524544 -12.92445 
  85.60796 2.276908 -35.24891 -36.76332 -29.49624 -2.622647 -10.89582 13.32977 1.071592 7.367691 -46.79831 -7.085048 -20.62461 
  85.90202 -3.260894 -43.01308 -20.97144 -35.79516 -3.137798 -4.218775 -10.62587 9.871226 5.657066 -34.11452 2.652033 -7.339879 
  87.07828 -5.164709 -41.41458 -22.88561 -40.26986 -3.652949 -7.137283 -21.51945 14.27104 -1.934419 -46.29096 -4.428229 -14.17313 
  82.62425 -1.42054 -38.67428 -18.57874 -34.34156 8.71068 -12.94592 -20.48197 1.700138 -1.934419 -37.66599 -0.005699635 -12.40417 
  78.42123 3.58189 -34.33548 -11.40061 -37.24876 12.31674 -14.14182 -12.44146 4.214319 -3.384635 -44.76891 3.715127 -10.32305 
  74.40925 3.364393 -29.31161 -19.05728 -36.27969 15.9228 -25.07574 -10.62587 -6.582024 -5.801663 -25.9969 15.33796 -13.13257 
  72.88087 3.799387 -20.15097 -14.7504 -36.76423 14.89249 -18.75457 -12.18209 -19.80513 -19.23089 -21.43074 20.28646 -17.91915 
  70.01517 -4.657025 -27.5201 -12.83624 -32.40343 11.28644 -19.43794 2.47855 -8.304625 -11.60253 -24.47485 4.866811 1.18347 
  70.01517 -13.21891 -21.93743 -12.83624 -38.68738 10.25613 -25.75911 6.685692 2.328683 0.7243128 -16.24423 -3.372161 -3.504372 
  68.67785 -13.954 -22.83065 -20.97144 -53.50514 5.619772 -22.5131 12.52685 -2.699679 -0.4842014 -7.959985 8.305885 -5.209042 
  67.34052 -15.42417 -25.28703 -36.76332 -49.18929 17.46825 -3.737579 26.578 -15.29072 2.295381 -10.14005 -0.7144284 -7.339879 
  66.95843 -15.42417 -26.85018 -27.19249 -46.31205 16.43795 -5.902962 9.315155 -9.644424 -2.176121 -35.63658 9.087228 -13.54879 
  62.94645 -20.56977 -28.41333 -27.19249 -52.78584 24.68037 1.555578 31.39553 5.471409 -6.768474 -41.7248 -1.954704 -9.470716 
  61.99121 -14.68909 -23.94719 -17.14311 -52.78584 14.89249 -12.94592 3.793282 2.957228 -20.3284 -28.53366 -4.223858 -11.36361 
  63.71064 -9.289641 -22.60735 -14.27186 -46.31205 -0.04689068 -14.65435 -4.09511 10.49977 -13.52381 -50.34977 -0.6258373 -22.39356 
  63.51959 -9.226181 -23.94719 -14.7504 -48.18226 2.013714 -29.15957 -6.461627 -3.615324 -9.789759 -38.68069 14.29617 -9.896884 
  65.23901 -4.593565 -26.62687 -17.62165 -53.07356 1.498563 -34.82899 -5.935734 13.6425 -5.439109 -11.55709 23.93272 -15.83802 
  71.73459 0.5369328 -26.62687 -10.40711 -47.17522 -3.652949 -40.49841 2.08413 19.92795 -9.185502 -19.90869 3.272171 -16.46236 
  76.89285 1.406921 -25.51034 -6.716966 -55.51921 -0.04689068 -46.83481 2.47855 35.01303 -5.55996 -37.15863 0.4372559 -13.96501 
  63.90168 -6.053156 -25.95695 -9.981325 -41.85234 -8.892127 -25.58826 7.211584 36.27013 10.78894 -17.77028 8.566333 -18.0232 
  62.18226 -0.550552 -21.26751 -10.97483 -32.88797 0.9834118 -24.90489 -0.4138603 12.38541 -5.076555 -22.44544 -2.752024 -14.06907 
  60.2718 0.3194358 -22.38404 -10.40711 -33.85703 -3.137798 -27.29669 -0.6768069 11.75686 -14.84082 -29.54836 -6.267565 -8.618382 
  55.94941 -2.118605 -21.93743 -17.62165 -29.01171 -7.259007 -27.98006 2.610023 16.78522 -15.49933 -29.04101 7.25877 -13.02851 
  54.93238 -2.753211 -23.72388 -25.27832 -29.49624 -10.0101 -16.70446 -2.254485 9.242682 -4.351446 -27.0116 6.904406 -10.42711 
  56.71219 -4.085881 -28.63663 -28.62811 -34.8261 -14.97885 -23.36731 3.661808 23.07068 8.051941 -22.95279 -1.688931 1.18347 
  52.3898 -8.337734 -22.83065 -22.88561 -40.70144 -12.61869 -26.44247 -0.6768069 -7.730424 -2.176121 -22.44544 0.08289146 -6.487545 
  55.69516 -5.355091 -12.55854 -10.97483 -36.27969 -7.774158 -12.09171 3.398862 7.98559 2.657935 -14.06417 -7.69816 -16.77453 
  61.22703 -5.22817 -17.24798 -9.129753 -54.08059 -16.59369 -1.331599 5.108013 -5.720724 19.68419 -28.02631 4.866811 -15.31774 
  57.47496 -6.814682 -17.6946 -1.181747 -53.21742 -16.84213 8.532921 4.97654 -8.591724 -6.40592 -29.04101 -0.1828818 -19.16782 
  58.23774 -16.5268 -33.19369 -0.4721041 -44.87344 -24.4578 -5.181168 6.948638 -8.113224 2.537084 -14.82719 0.9688025 -19.89621 
  58.23774 -17.99697 -35.70563 -5.865394 -47.31908 -29.9433 -8.162338 2.347076 -4.955124 5.314941 -16.35324 11.6917 -18.85565 
  55.94941 -21.6724 -36.3907 -7.568538 -46.31205 -23.67416 -6.624756 11.32246 -20.65059 11.13107 -13.08314 12.73349 -24.54182 
  54.93238 -19.0996 -31.82354 -5.013822 -46.8875 -23.42572 1.074381 24.57069 1.700138 24.81606 -3.609488 4.778219 -18.33537 
  54.67812 -18.73206 -29.31161 -1.465605 -38.83124 -17.83588 -3.737579 4.319174 -10.31432 12.15744 -6.760949 -11.98994 -10.63522 
  54.67812 -20.93731 -41.41458 -3.594535 -40.41372 -8.146814 -11.57919 6.554218 -4.093824 12.49957 -14.82719 -2.220477 -7.766047 ]
